4.000000000000000000e+00 7.100000000000000000e+01
2.200000000000000178e+00 5.700000000000000000e+01
4.400000000000000355e+00 8.600000000000000000e+01
4.299999999999999822e+00 7.700000000000000000e+01
2.000000000000000000e+00 5.600000000000000000e+01
4.799999999999999822e+00 8.100000000000000000e+01
1.800000000000000044e+00 5.000000000000000000e+01
5.500000000000000000e+00 8.900000000000000000e+01
1.600000000000000089e+00 5.400000000000000000e+01
4.900000000000000355e+00 9.000000000000000000e+01
4.400000000000000355e+00 7.300000000000000000e+01
1.800000000000000044e+00 6.000000000000000000e+01
4.700000000000000178e+00 8.300000000000000000e+01
4.799999999999999822e+00 8.200000000000000000e+01
4.200000000000000178e+00 8.400000000000000000e+01
1.899999999999999911e+00 5.400000000000000000e+01
5.000000000000000000e+00 8.500000000000000000e+01
2.799999999999999822e+00 6.800000000000000000e+01
4.500000000000000000e+00 7.600000000000000000e+01
4.099999999999999645e+00 7.800000000000000000e+01
3.700000000000000178e+00 7.400000000000000000e+01
3.500000000000000000e+00 8.500000000000000000e+01
4.500000000000000000e+00 7.500000000000000000e+01
2.200000000000000178e+00 6.500000000000000000e+01
4.900000000000000355e+00 7.600000000000000000e+01
2.600000000000000089e+00 5.800000000000000000e+01
4.200000000000000178e+00 9.100000000000000000e+01
2.200000000000000178e+00 5.000000000000000000e+01
4.799999999999999822e+00 8.700000000000000000e+01
1.800000000000000044e+00 4.800000000000000000e+01
4.599999999999999645e+00 9.300000000000000000e+01
2.299999999999999822e+00 5.400000000000000000e+01
4.099999999999999645e+00 8.600000000000000000e+01
1.899999999999999911e+00 6.000000000000000000e+01
4.299999999999999822e+00 8.700000000000000000e+01
2.100000000000000089e+00 4.900000000000000000e+01
4.500000000000000000e+00 8.000000000000000000e+01
2.200000000000000178e+00 6.000000000000000000e+01
4.000000000000000000e+00 9.200000000000000000e+01
1.800000000000000044e+00 4.300000000000000000e+01
4.299999999999999822e+00 8.900000000000000000e+01
2.200000000000000178e+00 6.000000000000000000e+01
4.500000000000000000e+00 8.400000000000000000e+01
3.899999999999999911e+00 6.900000000000000000e+01
3.299999999999999822e+00 7.400000000000000000e+01
3.700000000000000178e+00 7.100000000000000000e+01
4.000000000000000000e+00 1.080000000000000000e+02
1.899999999999999911e+00 5.000000000000000000e+01
5.299999999999999822e+00 7.700000000000000000e+01
3.500000000000000000e+00 7.300000000000000000e+01
2.200000000000000178e+00 6.200000000000000000e+01
4.500000000000000000e+00 7.900000000000000000e+01
2.000000000000000000e+00 5.400000000000000000e+01
4.200000000000000178e+00 8.000000000000000000e+01
4.200000000000000178e+00 7.300000000000000000e+01
4.299999999999999822e+00 8.100000000000000000e+01
1.899999999999999911e+00 6.200000000000000000e+01
4.700000000000000178e+00 8.100000000000000000e+01
3.799999999999999822e+00 7.100000000000000000e+01
4.000000000000000000e+00 7.900000000000000000e+01
4.200000000000000178e+00 8.100000000000000000e+01
4.700000000000000178e+00 7.400000000000000000e+01
1.800000000000000044e+00 5.900000000000000000e+01
4.500000000000000000e+00 8.000000000000000000e+01
2.100000000000000089e+00 5.000000000000000000e+01
4.299999999999999822e+00 8.700000000000000000e+01
1.899999999999999911e+00 5.100000000000000000e+01
4.700000000000000178e+00 8.200000000000000000e+01
1.699999999999999956e+00 5.800000000000000000e+01
4.400000000000000355e+00 8.100000000000000000e+01
1.800000000000000044e+00 4.900000000000000000e+01
4.599999999999999645e+00 9.200000000000000000e+01
1.899999999999999911e+00 5.000000000000000000e+01
4.500000000000000000e+00 8.800000000000000000e+01
1.600000000000000089e+00 6.200000000000000000e+01
5.000000000000000000e+00 9.300000000000000000e+01
1.800000000000000044e+00 5.600000000000000000e+01
5.099999999999999645e+00 8.900000000000000000e+01
1.600000000000000089e+00 5.100000000000000000e+01
4.299999999999999822e+00 7.900000000000000000e+01
4.500000000000000000e+00 8.800000000000000000e+01
2.000000000000000000e+00 5.200000000000000000e+01
2.899999999999999911e+00 6.900000000000000000e+01
4.700000000000000178e+00 7.500000000000000000e+01
3.899999999999999911e+00 7.700000000000000000e+01
2.000000000000000000e+00 5.300000000000000000e+01
4.099999999999999645e+00 8.000000000000000000e+01
1.800000000000000044e+00 5.500000000000000000e+01
4.700000000000000178e+00 8.700000000000000000e+01
1.800000000000000044e+00 5.300000000000000000e+01
4.700000000000000178e+00 8.500000000000000000e+01
2.100000000000000089e+00 6.100000000000000000e+01
4.799999999999999822e+00 9.300000000000000000e+01
1.800000000000000044e+00 5.400000000000000000e+01
4.099999999999999645e+00 7.600000000000000000e+01
4.700000000000000178e+00 8.000000000000000000e+01
4.200000000000000178e+00 7.100000000000000000e+01
4.099999999999999645e+00 7.700000000000000000e+01
3.899999999999999911e+00 7.600000000000000000e+01
3.799999999999999822e+00 9.400000000000000000e+01
4.400000000000000355e+00 7.500000000000000000e+01
2.500000000000000000e+00 5.000000000000000000e+01
4.200000000000000178e+00 8.300000000000000000e+01
3.799999999999999822e+00 8.200000000000000000e+01
4.299999999999999822e+00 7.200000000000000000e+01
3.899999999999999911e+00 7.700000000000000000e+01
4.700000000000000178e+00 7.500000000000000000e+01
1.699999999999999956e+00 6.500000000000000000e+01
5.000000000000000000e+00 7.900000000000000000e+01
4.299999999999999822e+00 7.200000000000000000e+01
4.599999999999999645e+00 7.800000000000000000e+01
2.000000000000000000e+00 6.400000000000000000e+01
4.599999999999999645e+00 8.000000000000000000e+01
8.000000000000000444e-01 4.900000000000000000e+01
4.900000000000000355e+00 8.800000000000000000e+01
1.699999999999999956e+00 5.400000000000000000e+01
4.599999999999999645e+00 8.500000000000000000e+01
1.699999999999999956e+00 5.100000000000000000e+01
4.799999999999999822e+00 9.600000000000000000e+01
1.800000000000000044e+00 5.000000000000000000e+01
4.500000000000000000e+00 8.000000000000000000e+01
1.899999999999999911e+00 7.800000000000000000e+01
4.500000000000000000e+00 8.100000000000000000e+01
4.500000000000000000e+00 7.200000000000000000e+01
4.000000000000000000e+00 7.500000000000000000e+01
4.799999999999999822e+00 7.800000000000000000e+01
1.899999999999999911e+00 4.900000000000000000e+01
4.599999999999999645e+00 8.200000000000000000e+01
2.000000000000000000e+00 5.700000000000000000e+01
3.700000000000000178e+00 8.400000000000000000e+01
2.899999999999999911e+00 5.700000000000000000e+01
4.799999999999999822e+00 8.400000000000000000e+01
3.399999999999999911e+00 7.300000000000000000e+01
4.400000000000000355e+00 7.800000000000000000e+01
1.800000000000000044e+00 5.700000000000000000e+01
4.400000000000000355e+00 7.900000000000000000e+01
2.500000000000000000e+00 5.700000000000000000e+01
4.500000000000000000e+00 9.000000000000000000e+01
2.100000000000000089e+00 6.200000000000000000e+01
4.299999999999999822e+00 8.700000000000000000e+01
4.299999999999999822e+00 7.800000000000000000e+01
1.800000000000000044e+00 5.200000000000000000e+01
4.900000000000000355e+00 9.800000000000000000e+01
1.800000000000000044e+00 4.800000000000000000e+01
3.899999999999999911e+00 8.400000000000000000e+01
1.899999999999999911e+00 5.000000000000000000e+01
4.700000000000000178e+00 8.300000000000000000e+01
2.000000000000000000e+00 6.000000000000000000e+01
4.500000000000000000e+00 8.000000000000000000e+01
1.899999999999999911e+00 5.000000000000000000e+01
4.200000000000000178e+00 8.800000000000000000e+01
1.899999999999999911e+00 5.000000000000000000e+01
4.299999999999999822e+00 8.400000000000000000e+01
3.299999999999999822e+00 7.400000000000000000e+01
4.200000000000000178e+00 7.600000000000000000e+01
1.899999999999999911e+00 6.500000000000000000e+01
5.000000000000000000e+00 8.900000000000000000e+01
1.899999999999999911e+00 4.900000000000000000e+01
4.000000000000000000e+00 8.800000000000000000e+01
2.000000000000000000e+00 5.100000000000000000e+01
4.799999999999999822e+00 7.800000000000000000e+01
2.399999999999999911e+00 6.900000000000000000e+01
4.400000000000000355e+00 9.200000000000000000e+01
4.200000000000000178e+00 6.800000000000000000e+01
4.400000000000000355e+00 8.700000000000000000e+01
2.000000000000000000e+00 6.100000000000000000e+01
4.500000000000000000e+00 8.100000000000000000e+01
1.800000000000000044e+00 5.500000000000000000e+01
4.500000000000000000e+00 9.300000000000000000e+01
1.600000000000000089e+00 5.300000000000000000e+01
4.700000000000000178e+00 8.400000000000000000e+01
2.600000000000000089e+00 7.000000000000000000e+01
3.700000000000000178e+00 7.300000000000000000e+01
4.200000000000000178e+00 9.300000000000000000e+01
1.899999999999999911e+00 5.000000000000000000e+01
4.400000000000000355e+00 8.700000000000000000e+01
4.200000000000000178e+00 8.200000000000000000e+01
4.000000000000000000e+00 7.400000000000000000e+01
4.099999999999999645e+00 8.000000000000000000e+01
1.899999999999999911e+00 4.900000000000000000e+01
4.500000000000000000e+00 9.100000000000000000e+01
2.000000000000000000e+00 5.300000000000000000e+01
4.200000000000000178e+00 8.600000000000000000e+01
1.699999999999999956e+00 4.900000000000000000e+01
4.500000000000000000e+00 7.900000000000000000e+01
4.299999999999999822e+00 8.900000000000000000e+01
4.000000000000000000e+00 8.700000000000000000e+01
4.400000000000000355e+00 7.600000000000000000e+01
2.000000000000000000e+00 5.900000000000000000e+01
4.500000000000000000e+00 8.000000000000000000e+01
4.299999999999999822e+00 8.900000000000000000e+01
1.899999999999999911e+00 4.500000000000000000e+01
4.400000000000000355e+00 9.300000000000000000e+01
3.299999999999999822e+00 7.400000000000000000e+01
1.800000000000000044e+00 6.500000000000000000e+01
4.599999999999999645e+00 7.800000000000000000e+01
1.800000000000000044e+00 5.700000000000000000e+01
4.599999999999999645e+00 8.700000000000000000e+01
4.599999999999999645e+00 7.200000000000000000e+01
4.500000000000000000e+00 8.400000000000000000e+01
1.899999999999999911e+00 4.700000000000000000e+01
5.000000000000000000e+00 8.400000000000000000e+01
2.000000000000000000e+00 5.700000000000000000e+01
4.299999999999999822e+00 8.700000000000000000e+01
4.200000000000000178e+00 6.800000000000000000e+01
4.500000000000000000e+00 8.600000000000000000e+01
4.400000000000000355e+00 7.500000000000000000e+01
4.599999999999999645e+00 7.300000000000000000e+01
3.899999999999999911e+00 7.700000000000000000e+01
4.500000000000000000e+00 9.600000000000000000e+01
1.800000000000000044e+00 4.800000000000000000e+01
4.000000000000000000e+00 8.900000000000000000e+01
2.799999999999999822e+00 6.300000000000000000e+01
4.700000000000000178e+00 8.400000000000000000e+01
4.000000000000000000e+00 7.600000000000000000e+01
2.000000000000000000e+00 6.200000000000000000e+01
5.000000000000000000e+00 8.300000000000000000e+01
1.899999999999999911e+00 5.000000000000000000e+01
4.799999999999999822e+00 8.500000000000000000e+01
1.899999999999999911e+00 4.800000000000000000e+01
4.299999999999999822e+00 9.300000000000000000e+01
1.699999999999999956e+00 4.700000000000000000e+01
4.799999999999999822e+00 8.700000000000000000e+01
2.000000000000000000e+00 5.100000000000000000e+01
4.700000000000000178e+00 7.800000000000000000e+01
1.899999999999999911e+00 5.400000000000000000e+01
4.400000000000000355e+00 8.700000000000000000e+01
2.100000000000000089e+00 5.200000000000000000e+01
4.099999999999999645e+00 8.500000000000000000e+01
2.100000000000000089e+00 5.800000000000000000e+01
